function Pr_ZD09  = ZD09(rho,T)
temperature = T - 273.15;
m = 18.01528;
ZD09_R = 0.083145;        %'Gas constant in units of dm^3 bar/mol/K
ZD09_epsilon = 510;       %'Lenard-Jones parameter in units of K
ZD09_omega = 2.88;        %'Lenard-Jones parameter in units of 1E-10 m
ZD09_c1 = 3.0636*ZD09_omega^3/ZD09_epsilon;
density = rho*1e3/1e6; % g/cm3
%'Prefactor calculated from 1000 * pow(ZD09_omega / 3.691, 3)
dm = 475.05656886 * density;
%'Prefactor calculated from 0.001 * pow(3.691 / ZD09_omega, 3)
Vm = 0.0021050125 * (m ./ density);
%'Prefactor calculated from 154 / ZD09_epsilon
Tm = 0.3019607843 * (temperature + 273.15);  % 'temperature must be converted to Kelvin

B = 0.029517729893 - 6337.56452413 ./ (Tm .* Tm) - 275265.428882 ./ (Tm .* Tm .* Tm);
C = 0.00129128089283 - 145.797416153 ./ (Tm .* Tm) + 76593.8947237 ./ (Tm .* Tm .* Tm);
D = 2.58661493537E-06 + 0.52126532146 ./ (Tm .* Tm) - 139.839523753 ./ (Tm .* Tm .* Tm);
E = -2.36335007175E-08 + 0.00535026383543 ./ (Tm .* Tm) - 0.27110649951 ./ (Tm .* Tm .* Tm);
f = 25038.7836486 ./ (Tm .* Tm .* Tm);

delta = 1 + B ./ Vm + C ./ (Vm .* Vm) + D ./ Vm.^4 + E ./ Vm.^5 + ...
    f ./ (Vm .* Vm) .* (0.73226726041 + 0.015483335997 ./ (Vm .* Vm)) .* exp(-0.015483335997 ./ (Vm .* Vm));

Pm = ZD09_R * Tm .* delta ./ Vm;

Pr_ZD09 = Pm / ZD09_c1 / 1e3; % kbar!
end